# Created by Octave 8.4.0, Tue Nov 25 13:53:14 2025 -03 <joaco@joaco-ThinkPad-T480>
# name: n
# type: matrix
# rows: 1
# columns: 101
 0 1 2 3 4 5 6 7 8 9 10 11 12 13 14 15 16 17 18 19 20 21 22 23 24 25 26 27 28 29 30 31 32 33 34 35 36 37 38 39 40 41 42 43 44 45 46 47 48 49 50 51 52 53 54 55 56 57 58 59 60 61 62 63 64 65 66 67 68 69 70 71 72 73 74 75 76 77 78 79 80 81 82 83 84 85 86 87 88 89 90 91 92 93 94 95 96 97 98 99 100


# name: y1
# type: matrix
# rows: 1
# columns: 101
 0.10000000000000001 0.00029606378056100391 0.0010853724092524941 0.003452129866843498 0.0058169407123609962 0.010541115117126493 0.014472095351442005 0.021535042545276009 0.027016678385299003 0.036390524142381503 0.043401182075772496 0.055048932109403495 0.063560944272164507 0.077436630234310508 0.087416403603203005 0.10346526450057135 0.11487341346943385 0.13303211178008814 0.14582361359682763 0.16602048523445695 0.18014485768528396 0.20230019482460701 0.21770169546427001 0.24172806111140835 0.25834590725315987 0.28414848031950701 0.30191708891659652 0.32939403843433351 0.348243284906332 0.37728617190873803 0.39714166689122499 0.42763587237173206 0.44841925529712301 0.4802444325581785 0.50187368090909146 0.534904230515586 0.55729398353024351 0.59139954899310399 0.61446144454526053 0.64950742677895346 0.67315045010284602 0.70899853862648299 0.73312938151051954 0.76963810029613255 0.7941615293277845 0.83118679514157146 0.85600602755013999 0.89340171858316952 0.91841880419716648 0.95603733674139746 0.98115354455312254 1.018846455446875 1.0439626632586001 1.0815811958028299 1.10659828141683 1.14399397244986 1.168813204858425 1.2058384706722149 1.230361899703865 1.26687061848948 1.2910014613735199 1.3268495498971551 1.3504925732210449 1.3855385554547399 1.4086004510068999 1.44270601646976 1.4650957694844151 1.4981263190909049 1.5197555674418199 1.5515807447028749 1.5723641276282652 1.6028583331087751 1.6227138280912601 1.651756715093665 1.670605961565665 1.698082911083405 1.7158515196804949 1.74165409274684 1.7582719388885901 1.7822983045357299 1.797699805175395 1.8198551423147151 1.83397951476554 1.85417638640317 1.8669678882199099 1.8851265865305649 1.8965347354994249 1.9125835963967952 1.9225633697656901 1.936439055727835 1.944951067890595 1.9565988179242251 1.963609475857615 1.9729833216146999 1.9784649574547251 1.9855279046485599 1.9894588848828749 1.9941830592876399 1.99654787013316 1.9989146275907501 1.99970393621944


# name: y2
# type: matrix
# rows: 1
# columns: 101
 0.10000000000000001 -0.19970393621943899 0.2004932448481305 -0.19812648739053951 0.20049129823605699 -0.1957671238312915 0.19969810406560701 -0.19263515687177302 0.198116792711796 -0.1887429469547135 0.1957536048881045 -0.18410585485447351 0.19261786701723449 -0.17874218105508849 0.18872195442398099 -0.17267309352661264 0.18408124249547514 -0.16592254418482086 0.17871404600156035 -0.15851717436393103 0.17264154681475805 -0.150486209675435 0.165887710315098 -0.14186134466795966 0.15847919080971115 -0.13267661774336398 0.15044522634045349 -0.12296827682271651 0.14181752329471503 -0.11277463629230902 0.13263013127479603 -0.10213592579428901 0.12291930871968001 -0.091094131458624522 0.11272337980953748 -0.079692830203042991 0.1020825832177005 -0.067977017754839997 0.091038913306996483 -0.055992931073303498 0.079635954397196007 -0.043787865873558984 0.067918708757595481 -0.031409989971982466 0.055933419003634466 -0.01890815318984751 0.043727385598416046 -0.0063316945653865142 0.031348780179383473 0.0062697523648475029 0.018846455446877519 0.018846455446875021 0.0062697523648499454 0.031348780179380031 -0.0063316945653799639 0.04372738559840994 -0.018908153189844956 0.055933419003635021 -0.031409989971985075 0.067918708757600088 -0.043787865873560095 0.079635954397195063 -0.055992931073305052 0.09103891330699998 -0.067977017754839997 0.10208258321770003 -0.079692830203044962 0.11272337980953495 -0.091094131458619998 0.12291930871967505 -0.10213592579428499 0.13263013127479495 -0.11277463629230999 0.14181752329471498 -0.12296827682271494 0.15044522634045498 -0.13267661774336503 0.15847919080971007 -0.14186134466796008 0.16588771031510008 -0.15048620967543502 0.17264154681475496 -0.15851717436392998 0.17871404600155993 -0.16592254418482 0.18408124249547497 -0.17267309352661486 0.18872195442398498 -0.17874218105508999 0.19261786701723493 -0.18410585485447495 0.195753604888105 -0.18874294695471505 0.19811679271179994 -0.1926351568717749 0.19969810406560995 -0.19576712383129502 0.20049129823606004 -0.19812648739053995 0.20049324484813003 -0.19970393621944005


# name: y3
# type: matrix
# rows: 1
# columns: 101
 0.050000000000000003 0.025148031890280503 0.013116702149766499 0.0082844160083049984 0.0070506783603329973 0.008795896738729745 0.011633996045085875 0.016584519295180941 0.021800598840239972 0.029095561491310738 0.036248371783541615 0.045648651946472552 0.054604798109318529 0.066020714171814515 0.076718558887508753 0.090091911694040044 0.10248266258173694 0.11775738718091254 0.13179050038887008 0.14890549281166351 0.16452517524847374 0.18341268503654037 0.20055719025040519 0.22114262568090676 0.23974426646703331 0.26194637339327015 0.28193173115493331 0.30566288479463344 0.32695308485048269 0.35211962837961036 0.37463064763541765 0.40113326000357485 0.42477625765034893 0.45251034510426369 0.47719201300667757 0.50604812176113179 0.53167105264568759 0.56153530081939573 0.58799837268232813 0.61875289973064085 0.64595167491674343 0.67747510677161316 0.70530224414106635 0.73747017221859945 0.76581585077319203 0.79850132295738174 0.82725367525376092 0.86032769691846522 0.8893732505578158 0.92270529364960663 0.95192941910136453 0.98538793727411977 1.01467530026636 1.0481282480345948 1.0773632647257125 1.1106786185877864 1.1397459117231057 1.1727921911976602 1.2015770454507626 1.2342238319701213 1.2626126466718206 1.2947310982844877 1.3226118357527663 1.3540751956037531 1.3813378233053264 1.4120219198875432 1.4385588446859792 1.4683425818884421 1.4940490746651309 1.5228149096840029 1.5475895186561339 1.5752239258824545 1.5989688769868573 1.6253627960402612 1.6479843788029631 1.673033644943184 1.6944425823118394 1.7180483375293396 1.7381601382089649 1.7602292213723474 1.7789645132738712 1.7994098277942931 1.8166946712799166 1.8354355288415434 1.8512017085307266 1.8681641475306456 1.8823494415150352 1.8974665189559152 1.9100149443608028 1.923227000044319 1.934089033967457 1.9453439259458412 1.9544767009017281 1.9637300112582139 1.9710974843564695 1.9783126945025147 1.9838857896926947 1.9890344244901672 1.9927911473116637 1.9958528874512069 1.9977784118353235


